// Gmsh project created on Wed Apr 25 17:49:37 2018
Point(1) = {1, 0, 0, 1.0};
Point(2) = {0.5, 0.866025403784438646763723170752936183471402626905190314, 0, 1.0};
Point(3) = {-0.5, 0.866025403784438646763723170752936183471402626905190314, 0, 1.0};
Point(4) = {-1, 0, 0, 1.0};
Point(5) = {-0.5, -0.866025403784438646763723170752936183471402626905190314, 0, 1.0};
Point(6) = {0.5, -0.866025403784438646763723170752936183471402626905190314, 0, 1.0};
Line(1) = {1, 2};
Line(2) = {2, 3};
Line(3) = {3, 4};
Line(4) = {4, 5};
Line(5) = {5, 6};
Line(6) = {6, 1};
Line Loop(7) = {2, 3, 4, 5, 6, 1};
Plane Surface(8) = {7};
Physical Surface(9) = {8};
