Point(1) = {2, 0, 0, 1};
Point(2) = {1, 1.7320508075688772, 0, 1};
Point(3) = {-1, 1.7320508075688772, 0, 1};
Point(4) = {-2, 0, 0, 1};
Point(5) = {-1, -1.7320508075688772, 0, 1};
Point(6) = {1, -1.7320508075688772, 0, 1};
Line(1) = {1, 2};
Line(2) = {2, 3};
Line(3) = {3, 4};
Line(4) = {4, 5};
Line(5) = {5, 6};
Line(6) = {6, 1};
Curve Loop(1) = {1, 2, 3, 4, 5, 6};
Plane Surface(1) = {1};
